0, 0.69
0, 61.271
0, 121.985
0, 182.683
0, 243.333
0, 303.927
0, 364.557
0, 425.124
0, 485.698
0, 546.279
0, 606.841
1, 667.428
1, 728.023
1, 788.634
1, 849.192
0, 909.75
0, 970.365
2, 1030.907
2, 1091.503
4, 1152.801
5, 1213.413
5, 1273.96
6, 1334.54
6, 1395.104
8, 1455.698
8, 1516.29
8, 1576.92
10, 1637.462
11, 1698.022
11, 1758.586
11, 1819.14
12, 1879.783
14, 1940.384
17, 2000.932
16, 2061.542
17, 2122.187
18, 2182.757
18, 2243.352
19, 2303.962
19, 2364.509
20, 2425.049
22, 2485.624
23, 2546.215
24, 2606.789
24, 2667.392
24, 2727.981
24, 2788.533
24, 2849.124
26, 2909.669
27, 2970.283
28, 3030.916
29, 3091.535
30, 3152.129
31, 3212.662
31, 3273.211
31, 3333.801
31, 3394.434
31, 3454.997
25, 3515.551
24, 3576.054
24, 3636.628
25, 3697.285
26, 3757.844
27, 3818.453
27, 3879.074
27, 3939.618
28, 4000.184
28, 4060.754
28, 4121.259
29, 4181.776
29, 4242.405
29, 4302.947
29, 4363.553
29, 4424.157
29, 4484.693
29, 4545.257
29, 4605.78
29, 4666.404
29, 4726.994
29, 4787.522
29, 4848.138
30, 4908.698
30, 4969.252
32, 5029.829
33, 5090.494
33, 5151.084
33, 5211.816
33, 5272.408
33, 5333.037
33, 5393.605
33, 5454.185
33, 5514.719
33, 5575.261
33, 5635.79
34, 5696.383
34, 5756.966
34, 5817.514
35, 5878.055
35, 5938.673
35, 5999.231
35, 6059.861
36, 6120.471
37, 6181.045
37, 6241.589
37, 6302.145
37, 6362.738
37, 6423.242
37, 6483.86
37, 6544.452
37, 6605.05
37, 6665.646
38, 6726.185
38, 6786.773
38, 6847.368
38, 6907.993
38, 6968.562
38, 7029.132
38, 7089.675
38, 7150.273
38, 7210.856
41, 7271.464
43, 7332.238
44, 7392.87
47, 7453.52
47, 7514.093
47, 7574.706
47, 7635.245
47, 7695.846
47, 7756.401
47, 7816.967
47, 7877.549
48, 7938.134
48, 7998.745
48, 8059.315
48, 8119.977
48, 8180.63
48, 8241.153
48, 8301.758
48, 8362.301
49, 8422.943
50, 8483.517
50, 8544.043
52, 8604.629
52, 8665.227
52, 8725.808
52, 8786.394
52, 8846.975
52, 8907.583
52, 8968.156
53, 9028.802
59, 9089.446
60, 9149.991
60, 9210.767
60, 9271.334
61, 9331.977
61, 9392.652
61, 9453.214
61, 9513.796
61, 9574.363
62, 9634.967
64, 9695.555
65, 9756.148
65, 9816.703
65, 9878.953
66, 9939.559
66, 10000.147
66, 10060.795
66, 10121.421
67, 10182.054
67, 10242.675
67, 10303.265
68, 10363.845
68, 10424.406
69, 10485.039
72, 10545.719
72, 10606.287
72, 10666.86
73, 10727.452
74, 10788.015
75, 10848.598
75, 10909.258
78, 10969.81
78, 11030.482
78, 11091.252
79, 11151.89
81, 11212.592
83, 11273.164
84, 11333.704
85, 11394.279
85, 11454.94
85, 11515.491
86, 11576.144
87, 11636.68
88, 11697.417
89, 11757.982
89, 11818.599
90, 11879.168
90, 11939.727
90, 12000.322
90, 12061.002
90, 12121.583
90, 12182.157
90, 12242.788
90, 12303.338
91, 12363.979
92, 12424.541
92, 12485.166
92, 12545.695
92, 12606.309
92, 12666.872
92, 12727.411
93, 12787.982
94, 12848.613
94, 12909.214
94, 12969.877
96, 13030.472
96, 13091.019
96, 13151.622
96, 13212.218
96, 13272.809
98, 13333.365
98, 13394.012
98, 13454.6
99, 13515.222
99, 13575.814
100, 13636.439
100, 13696.999
101, 13757.552
101, 13818.1
101, 13878.779
101, 13939.359
102, 13999.934
103, 14060.553
105, 14121.124
107, 14181.716
108, 14242.278
110, 14302.869
112, 14363.474
112, 14424.196
113, 14484.814
114, 14545.448
114, 14606.049
118, 14666.646
118, 14727.259
121, 14787.879
122, 14848.482
123, 14909.024
123, 14969.635
126, 15030.231
126, 15090.801
126, 15151.443
126, 15212.045
127, 15272.681
128, 15333.288
129, 15393.945
130, 15454.539
131, 15515.116
131, 15575.645
131, 15636.244
131, 15696.81
131, 15757.392
131, 15818.009
131, 15878.572
131, 15939.181
131, 15999.784
131, 16060.333
132, 16120.925
132, 16181.495
132, 16242.066
132, 16302.673
132, 16363.223
132, 16423.914
133, 16484.516
133, 16545.093
134, 16605.661
136, 16666.235
138, 16726.783
138, 16787.435
140, 16848.022
140, 16908.623
141, 16969.185
141, 17029.728
141, 17090.401
141, 17151.079
141, 17211.775
141, 17272.354
141, 17333.181
141, 17393.765
141, 17454.309
141, 17514.863
141, 17575.43
142, 17635.987
142, 17696.571
142, 17757.227
142, 17817.801
142, 17878.393
142, 17938.962
141, 17999.565
141, 18060.113
141, 18120.683
141, 18181.228
139, 18241.818
139, 18302.399
137, 18363.038
134, 18423.677
133, 18484.237
133, 18544.782
132, 18605.467
132, 18666.102
132, 18726.804
131, 18787.41
131, 18848.028
131, 18908.66
131, 18969.275
131, 19029.95
131, 19090.524
130, 19151.081
129, 19211.664
129, 19272.3
130, 19332.86
130, 19393.428
130, 19454.039
130, 19514.67
130, 19575.336
130, 19635.913
130, 19696.523
130, 19757.14
130, 19817.702
130, 19878.327
130, 19938.945
130, 19999.489
130, 20060.016
130, 20120.647
130, 20181.292
130, 20241.86
131, 20302.416
131, 20362.957
131, 20423.581
131, 20484.184
131, 20544.814
131, 20605.397
132, 20665.971
132, 20726.584
132, 20787.375
132, 20847.959
133, 20908.515
133, 20969.086
133, 21029.669
133, 21090.26
133, 21150.809
133, 21211.399
133, 21271.981
133, 21332.656
133, 21393.263
132, 21453.821
132, 21514.468
132, 21575.106
133, 21635.672
133, 21696.336
133, 21756.929
133, 21817.67
134, 21878.29
134, 21938.914
134, 21999.488
136, 22060.04
137, 22120.654
137, 22181.317
138, 22241.909
138, 22302.474
138, 22363.063
138, 22423.657
138, 22484.242
139, 22544.837
139, 22605.482
139, 22666.016
139, 22726.616
139, 22787.198
139, 22847.854
139, 22908.433
139, 22968.996
139, 23029.556
139, 23090.123
139, 23150.717
138, 23211.34
138, 23272.057
138, 23332.625
138, 23393.226
138, 23453.95
137, 23514.523
137, 23575.22
137, 23635.804
137, 23696.569
138, 23757.227
140, 23817.803
140, 23878.461
140, 23939.073
140, 23999.631
139, 24060.246
139, 24120.777
139, 24181.307
139, 24241.875
139, 24302.45
139, 24363.067
139, 24423.628
139, 24484.206
139, 24544.836
140, 24605.37
141, 24666.004
