0, 0.69
0, 61.271
0, 121.985
0, 182.683
0, 243.333
0, 303.927
0, 364.557
0, 425.124
0, 485.698
0, 546.279
0, 606.841
1, 667.428
1, 728.023
1, 788.634
1, 849.192
0, 909.75
0, 970.365
2, 1030.907
2, 1091.503
4, 1152.801
5, 1213.413
5, 1273.96
6, 1334.54
6, 1395.104
8, 1455.698
8, 1516.29
8, 1576.92
10, 1637.462
11, 1698.022
11, 1758.586
11, 1819.14
12, 1879.783
14, 1940.384
17, 2000.932
16, 2061.542
17, 2122.187
18, 2182.757
18, 2243.352
19, 2303.962
19, 2364.509
20, 2425.049
22, 2485.624
23, 2546.215
24, 2606.789
24, 2667.392
24, 2727.981
24, 2788.533
24, 2849.124
26, 2909.669
27, 2970.283
28, 3030.916
29, 3091.535
30, 3152.129
31, 3212.662
31, 3273.211
31, 3333.801
31, 3394.434
31, 3454.997
25, 3515.551
24, 3576.054
24, 3636.628
25, 3697.285
26, 3757.844
27, 3818.453
27, 3879.074
27, 3939.618
28, 4000.184
28, 4060.754
28, 4121.259
29, 4181.776
29, 4242.405
29, 4302.947
29, 4363.553
29, 4424.157
29, 4484.693
29, 4545.257
29, 4605.78
29, 4666.404
29, 4726.994
29, 4787.522
29, 4848.138
30, 4908.698
30, 4969.252
32, 5029.829
33, 5090.494
33, 5151.084
33, 5211.816
33, 5272.408
33, 5333.037
33, 5393.605
33, 5454.185
33, 5514.719
33, 5575.261
33, 5635.79
34, 5696.383
34, 5756.966
34, 5817.514
35, 5878.055
35, 5938.673
35, 5999.231
35, 6059.861
36, 6120.471
37, 6181.045
37, 6241.589
37, 6302.145
37, 6362.738
37, 6423.242
37, 6483.86
37, 6544.452
37, 6605.05
37, 6665.646
38, 6726.185
38, 6786.773
38, 6847.368
38, 6907.993
38, 6968.562
38, 7029.132
38, 7089.675
38, 7150.273
38, 7210.856
41, 7271.464
43, 7332.238
44, 7392.87
47, 7453.52
47, 7514.093
47, 7574.706
47, 7635.245
47, 7695.846
47, 7756.401
47, 7816.967
47, 7877.549
48, 7938.134
48, 7998.745
48, 8059.315
48, 8119.977
48, 8180.63
48, 8241.153
48, 8301.758
48, 8362.301
49, 8422.943
50, 8483.517
50, 8544.043
52, 8604.629
52, 8665.227
52, 8725.808
52, 8786.394
52, 8846.975
52, 8907.583
52, 8968.156
53, 9028.802
59, 9089.446
60, 9149.991
60, 9210.767
60, 9271.334
61, 9331.977
61, 9392.652
61, 9453.214
61, 9513.796
61, 9574.363
62, 9634.967
64, 9695.555
65, 9756.148
65, 9816.703
65, 9878.953
66, 9939.559
66, 10000.147
66, 10060.795
66, 10121.421
67, 10182.054
67, 10242.675
67, 10303.265
68, 10363.845
68, 10424.406
69, 10485.039
72, 10545.719
72, 10606.287
72, 10666.86
73, 10727.452
74, 10788.015
75, 10848.598
75, 10909.258
78, 10969.81
78, 11030.482
78, 11091.252
79, 11151.89
81, 11212.592
83, 11273.164
84, 11333.704
85, 11394.279
85, 11454.94
85, 11515.491
86, 11576.144
87, 11636.68
88, 11697.417
89, 11757.982
89, 11818.599
90, 11879.168
90, 11939.727
90, 12000.322
90, 12061.002
90, 12121.583
90, 12182.157
90, 12242.788
90, 12303.338
91, 12363.979
92, 12424.541
92, 12485.166
92, 12545.695
92, 12606.309
92, 12666.872
92, 12727.411
93, 12787.982
94, 12848.613
94, 12909.214
94, 12969.877
96, 13030.472
96, 13091.019
96, 13151.622
96, 13212.218
96, 13272.809
98, 13333.365
98, 13394.012
98, 13454.6
99, 13515.222
99, 13575.814
100, 13636.439
100, 13696.999
101, 13757.552
101, 13818.1
101, 13878.779
101, 13939.359
102, 13999.934
103, 14060.553
105, 14121.124
107, 14181.716
108, 14242.278
110, 14302.869
112, 14363.474
112, 14424.196
113, 14484.814
114, 14545.448
114, 14606.049
118, 14666.646
118, 14727.259
121, 14787.879
122, 14848.482
123, 14909.024
123, 14969.635
126, 15030.231
126, 15090.801
126, 15151.443
126, 15212.045
127, 15272.681
128, 15333.288
129, 15393.945
130, 15454.539
131, 15515.116
131, 15575.645
131, 15636.244
131, 15696.81
131, 15757.392
131, 15818.009
131, 15878.572
131, 15939.181
131, 15999.784
131, 16060.333
132, 16120.925
132, 16181.495
132, 16242.066
132, 16302.673
132, 16363.223
132, 16423.914
133, 16484.516
133, 16545.093
134, 16605.661
136, 16666.235
138, 16726.783
138, 16787.435
140, 16848.022
140, 16908.623
141, 16969.185
141, 17029.728
141, 17090.401
141, 17151.079
141, 17211.775
141, 17272.354
141, 17333.181
141, 17393.765
141, 17454.309
141, 17514.863
141, 17575.43
142, 17635.987
142, 17696.571
142, 17757.227
142, 17817.801
142, 17878.393
142, 17938.962
141, 17999.565
141, 18060.113
141, 18120.683
141, 18181.228
139, 18241.818
139, 18302.399
137, 18363.038
134, 18423.677
133, 18484.237
133, 18544.782
132, 18605.467
132, 18666.102
132, 18726.804
131, 18787.41
131, 18848.028
131, 18908.66
131, 18969.275
131, 19029.95
131, 19090.524
130, 19151.081
129, 19211.664
129, 19272.3
130, 19332.86
130, 19393.428
130, 19454.039
130, 19514.67
130, 19575.336
130, 19635.913
130, 19696.523
130, 19757.14
130, 19817.702
130, 19878.327
130, 19938.945
130, 19999.489
130, 20060.016
130, 20120.647
130, 20181.292
130, 20241.86
131, 20302.416
131, 20362.957
131, 20423.581
131, 20484.184
131, 20544.814
131, 20605.397
132, 20665.971
132, 20726.584
132, 20787.375
132, 20847.959
133, 20908.515
133, 20969.086
133, 21029.669
133, 21090.26
133, 21150.809
133, 21211.399
133, 21271.981
133, 21332.656
133, 21393.263
132, 21453.821
132, 21514.468
132, 21575.106
133, 21635.672
133, 21696.336
133, 21756.929
133, 21817.67
134, 21878.29
134, 21938.914
134, 21999.488
136, 22060.04
137, 22120.654
137, 22181.317
138, 22241.909
138, 22302.474
138, 22363.063
138, 22423.657
138, 22484.242
139, 22544.837
139, 22605.482
139, 22666.016
139, 22726.616
139, 22787.198
139, 22847.854
139, 22908.433
139, 22968.996
139, 23029.556
139, 23090.123
139, 23150.717
138, 23211.34
138, 23272.057
138, 23332.625
138, 23393.226
138, 23453.95
137, 23514.523
137, 23575.22
137, 23635.804
137, 23696.569
138, 23757.227
140, 23817.803
140, 23878.461
140, 23939.073
140, 23999.631
139, 24060.246
139, 24120.777
139, 24181.307
139, 24241.875
139, 24302.45
139, 24363.067
139, 24423.628
139, 24484.206
139, 24544.836
140, 24605.37
141, 24666.004
143, 24726.587
143, 24787.148
143, 24847.733
143, 24908.434
143, 24969.111
144, 25029.707
145, 25090.311
145, 25150.91
145, 25211.527
145, 25272.168
145, 25332.764
145, 25393.367
145, 25454.012
146, 25514.584
146, 25575.243
146, 25635.864
146, 25696.451
146, 25757.02
146, 25817.681
146, 25878.282
146, 25938.933
146, 25999.502
146, 26060.056
146, 26120.622
146, 26181.236
146, 26241.844
146, 26302.372
146, 26363.01
146, 26423.544
146, 26484.163
146, 26544.769
148, 26605.348
148, 26665.946
148, 26726.551
148, 26787.185
148, 26847.807
148, 26908.405
148, 26969.037
148, 27029.714
148, 27090.318
149, 27150.913
149, 27211.468
149, 27272.054
150, 27332.633
151, 27393.29
152, 27453.978
152, 27514.58
152, 27575.211
152, 27635.829
152, 27696.5
152, 27757.105
152, 27817.724
152, 27878.349
152, 27938.98
152, 27999.652
152, 28060.267
152, 28120.907
152, 28181.495
152, 28242.152
152, 28302.82
152, 28363.485
154, 28424.054
154, 28484.652
154, 28545.374
154, 28606.051
154, 28666.634
154, 28727.242
154, 28787.809
154, 28848.438
154, 28909.055
154, 28969.661
154, 29030.24
154, 29090.88
154, 29151.5
154, 29212.054
154, 29272.636
154, 29333.259
154, 29393.801
154, 29454.452
154, 29515.077
154, 29575.783
154, 29636.352
156, 29697.028
157, 29757.664
157, 29818.281
159, 29878.857
160, 29939.445
160, 30000.013
160, 30060.631
160, 30121.214
160, 30181.8
160, 30242.392
160, 30303.246
160, 30370.158
160, 30430.719
160, 30491.309
160, 30551.878
160, 30612.45
160, 30673.053
161, 30733.682
161, 30794.274
162, 30854.854
162, 30915.45
163, 30976.109
163, 31036.691
163, 31097.284
163, 31157.877
163, 31218.516
167, 31279.129
167, 31339.765
167, 31400.394
167, 31460.952
167, 31521.545
167, 31582.181
167, 31642.757
168, 31703.349
168, 31763.882
168, 31824.571
168, 31885.191
168, 31945.853
168, 32006.381
168, 32066.963
167, 32127.548
167, 32188.241
168, 32248.854
168, 32309.431
170, 32369.977
170, 32430.596
171, 32491.143
172, 32551.696
173, 32612.317
173, 32672.93
174, 32733.545
174, 32794.132
174, 32854.675
174, 32915.26
174, 32975.845
174, 33036.506
174, 33097.118
174, 33157.701
174, 33218.276
174, 33278.851
174, 33339.416
174, 33400.053
174, 33460.582
174, 33521.107
175, 33581.692
175, 33642.264
175, 33702.937
175, 33763.528
175, 33824.089
175, 33884.676
175, 33945.226
176, 34005.782
176, 34066.343
176, 34127.106
176, 34187.698
176, 34248.303
178, 34308.876
178, 34369.464
178, 34430.083
178, 34490.645
178, 34551.215
179, 34611.782
179, 34672.361
179, 34732.965
180, 34793.55
180, 34854.189
181, 34914.712
181, 34975.388
181, 35036.021
181, 35096.833
181, 35157.384
181, 35218.006
182, 35278.652
182, 35339.267
183, 35399.85
184, 35460.494
184, 35521.016
186, 35581.551
186, 35642.117
186, 35702.747
186, 35763.335
186, 35823.883
186, 35884.441
187, 35945.102
187, 36005.712
187, 36066.273
188, 36126.84
188, 36187.397
188, 36248.012
189, 36308.62
189, 36369.217
189, 36429.838
189, 36490.436
189, 36550.984
189, 36611.606
190, 36672.367
190, 36732.983
191, 36793.625
191, 36854.276
192, 36914.922
192, 36975.506
192, 37036.079
193, 37096.673
194, 37157.283
195, 37217.863
197, 37278.437
199, 37339.062
199, 37399.66
200, 37460.242
200, 37520.866
200, 37581.434
200, 37642.014
200, 37702.625
200, 37763.224
200, 37823.813
200, 37884.415
200, 37945.003
200, 38005.564
200, 38066.159
200, 38126.757
200, 38187.386
202, 38248.061
202, 38308.673
202, 38369.238
202, 38429.767
203, 38490.408
203, 38550.932
199, 38611.513
197, 38672.066
197, 38732.65
197, 38793.254
197, 38853.803
197, 38914.415
197, 38974.988
197, 39035.644
197, 39096.22
197, 39156.789
197, 39217.325
197, 39277.947
198, 39338.606
198, 39399.206
198, 39459.806
198, 39520.4
200, 39580.953
200, 39641.602
200, 39702.249
200, 39762.864
200, 39823.434
200, 39884.105
200, 39944.71
200, 40005.462
200, 40066.021
200, 40126.598
200, 40187.152
200, 40247.789
200, 40308.422
200, 40369.104
201, 40429.712
202, 40490.271
204, 40550.949
205, 40611.523
205, 40672.131
205, 40732.689
205, 40793.241
205, 40853.907
205, 40914.55
205, 40975.259
205, 41035.834
206, 41096.567
206, 41157.202
206, 41217.911
206, 41278.502
206, 41339.06
206, 41399.692
206, 41460.289
206, 41520.879
206, 41581.497
206, 41642.072
206, 41702.675
207, 41763.328
207, 41823.975
208, 41884.507
208, 41945.069
208, 42005.627
208, 42066.224
208, 42126.834
208, 42187.437
208, 42247.998
209, 42308.651
209, 42369.23
209, 42429.851
209, 42490.371
209, 42550.972
209, 42611.635
209, 42672.284
209, 42732.902
209, 42793.469
209, 42854.049
210, 42914.619
210, 42975.211
210, 43035.819
210, 43096.445
210, 43156.987
210, 43217.635
210, 43278.267
210, 43338.869
210, 43399.492
211, 43460.088
212, 43520.674
212, 43581.167
212, 43641.763
212, 43702.389
212, 43762.971
212, 43823.548
212, 43884.174
212, 43944.818
213, 44005.449
214, 44066.048
215, 44126.631
215, 44187.29
215, 44247.855
215, 44308.454
215, 44369.037
215, 44429.687
216, 44490.281
216, 44550.863
216, 44611.453
216, 44672.019
216, 44732.554
217, 44793.196
218, 44853.764
219, 44914.338
220, 44974.92
220, 45035.583
220, 45096.105
220, 45156.717
220, 45217.353
221, 45277.976
221, 45338.569
222, 45399.207
222, 45459.796
222, 45520.433
222, 45581.025
222, 45641.64
222, 45702.289
222, 45762.846
223, 45823.419
223, 45884.079
223, 45944.666
223, 46005.221
223, 46065.834
225, 46126.403
225, 46186.974
225, 46247.631
225, 46308.238
225, 46368.849
225, 46429.445
225, 46489.997
226, 46550.635
226, 46611.245
226, 46671.788
226, 46732.371
227, 46792.998
227, 46853.53
227, 46914.048
228, 46974.636
229, 47035.233
229, 47095.977
229, 47156.559
229, 47217.253
230, 47277.904
230, 47338.605
230, 47399.172
230, 47459.729
230, 47520.321
230, 47580.882
232, 47641.456
232, 47702.086
233, 47762.714
233, 47823.308
233, 47883.928
233, 47944.534
235, 48005.1
237, 48065.639
237, 48126.227
237, 48186.824
237, 48247.408
237, 48308.034
237, 48368.577
237, 48429.165
237, 48489.808
237, 48550.437
237, 48610.985
237, 48671.623
237, 48732.242
237, 48792.778
237, 48853.29
237, 48913.83
237, 48974.559
237, 49035.106
237, 49095.722
237, 49156.294
238, 49216.851
240, 49277.436
241, 49338.042
244, 49398.541
244, 49459.19
243, 49519.813
243, 49580.384
243, 49640.994
243, 49701.586
243, 49762.181
244, 49822.767
244, 49883.322
244, 49943.888
245, 50004.484
245, 50065.153
245, 50125.715
245, 50186.366
245, 50246.945
245, 50307.536
245, 50368.056
245, 50428.665
245, 50489.273
245, 50549.783
245, 50610.371
245, 50670.969
245, 50731.622
245, 50792.236
245, 50852.879
245, 50913.571
245, 50974.149
246, 51034.747
246, 51095.315
245, 51155.911
246, 51216.466
246, 51277.085
246, 51337.72
246, 51398.315
246, 51458.95
246, 51519.619
250, 51580.226
251, 51640.814
251, 51701.471
251, 51762.072
251, 51822.695
251, 51883.321
251, 51943.973
251, 52004.52
253, 52065.047
255, 52125.655
259, 52186.227
260, 52246.863
262, 52307.538
263, 52368.124
264, 52429.472
266, 52490.359
266, 52550.929
267, 52611.71
270, 52672.41
271, 52733.096
273, 52793.931
275, 52854.531
278, 52916.164
280, 52977.2
281, 53038.986
282, 53099.781
284, 53160.868
284, 53221.975
284, 53283.214
284, 53344.038
285, 53404.606
285, 53465.194
285, 53526.296
285, 53586.909
286, 53647.537
287, 53708.1
288, 53768.68
289, 53829.269
289, 53889.847
289, 53950.467
290, 54011.117
290, 54071.726
290, 54132.312
291, 54192.955
292, 54253.61
294, 54314.287
296, 54374.973
297, 54435.689
298, 54496.387
299, 54557.008
301, 54617.631
303, 54678.213
303, 54738.787
303, 54799.377
303, 54859.994
305, 54920.613
307, 54981.197
307, 55041.822
307, 55102.426
308, 55163.495
310, 55224.136
310, 55284.767
311, 55345.29
312, 55405.891
313, 55466.478
314, 55527.049
314, 55587.634
315, 55650.034
316, 55710.539
319, 55771.134
319, 55831.732
320, 55892.363
323, 55952.93
324, 56013.499
325, 56074.126
329, 56134.776
329, 56195.376
330, 56255.996
330, 56316.732
331, 56383.8
334, 56444.448
335, 56505.151
336, 56565.754
338, 56626.31
341, 56686.897
342, 56747.665
343, 56808.238
344, 56868.86
347, 56929.426
348, 56990.008
350, 57050.592
350, 57111.153
350, 57171.824
350, 57232.518
351, 57293.139
351, 57353.689
352, 57414.291
353, 57474.897
353, 57535.507
354, 57596.103
354, 57656.728
354, 57717.3
355, 57778.073
356, 57838.749
356, 57899.396
358, 57960.081
358, 58020.75
351, 58081.384
347, 58142.195
345, 58202.934
345, 58263.529
346, 58324.145
347, 58384.706
348, 58445.303
348, 58505.902
350, 58566.515
351, 58627.095
351, 58687.707
354, 58748.375
354, 58808.956
355, 58869.653
356, 58930.23
356, 58990.773
356, 59051.354
357, 59111.97
358, 59172.681
359, 59233.245
361, 59293.846
362, 59354.445
362, 59416.528
364, 59477.093
358, 59537.714
359, 59598.293
360, 59658.872
361, 59719.503
361, 59780.11
361, 59840.765
362, 59901.302
