0, 12.4473190308
27, 3649.00798011
64, 7285.10059094
96, 8791.86140203
116, 12434.657511
135, 16070.6311619
171, 19619.8091409
194, 23259.1222479
216, 26895.4573801
253, 30532.9704921
270, 34167.5902991
283, 37803.1738009
294, 41438.6725111
303, 45075.189724
307, 48710.138519
323, 52356.618463
347, 55998.938808
365, 59634.729244
387, 63270.273392
411, 66906.8953061
431, 70548.232548
459, 74187.3683791
478, 77823.5191531
496, 81460.1103899
518, 85111.622925
556, 88747.8806791
601, 92385.9544561
642, 96030.6969349
671, 99666.7681451
684, 103302.371125
703, 106938.923479
717, 110574.580426
734, 114209.891554
751, 117845.369653
787, 121481.683521
795, 125119.179249
790, 128755.64284
808, 132392.4601
827, 136029.732798
847, 139666.90857
861, 143304.039621
880, 146942.795076
890, 150580.392424
920, 154217.654968
948, 157869.034985
978, 161505.434037
997, 165141.888473
1023, 168777.446274
1043, 172416.063637
1066, 176053.76035
1118, 179693.356527
1146, 183334.239351
1175, 186988.637315
1242, 190628.859112
1279, 194269.129594
1291, 197908.807869
1313, 201552.286976
1537, 232871.730479
1546, 236508.441452
1565, 240143.608736
1604, 243778.94988
1633, 247415.979811
1673, 251052.03614
1705, 254688.150298
1740, 258323.902209
1774, 261965.972907
1811, 265654.375356
1849, 269338.909903
1860, 270802.318725
1906, 274440.789749
1945, 278075.622257
1980, 281711.17787
2002, 285346.488932
2024, 288982.799559
2042, 292618.860896
2059, 296254.762242
2083, 299890.949926
2114, 303526.687321
2146, 307165.08033
2142, 310800.856364
2156, 314439.076959
2172, 318075.016503
2190, 321712.099987
2214, 325347.551442
2258, 328986.21572
2273, 332625.178729
