0, 12.4473190308
0, 73.0276620388
0, 133.634787083
1, 194.320213079
1, 254.91625905
2, 315.498848915
3, 376.089864016
3, 436.687022924
3, 497.24406004
3, 557.843457937
3, 618.427114964
3, 678.965986013
4, 739.545242071
6, 800.10999608
6, 860.770642996
7, 921.327312946
8, 981.907800913
8, 1042.50723314
8, 1103.12898207
9, 1163.68463802
9, 1224.27575707
9, 1284.87846708
10, 1345.40266299
11, 1405.97249794
12, 1467.066751
12, 1527.66104412
13, 1588.20282412
14, 1648.77463508
15, 1710.45237994
15, 1771.018929
16, 1831.5406301
19, 1892.10807896
20, 1952.71258497
20, 2013.33363199
21, 2073.89652896
21, 2134.49849391
22, 2195.07031512
23, 2255.67372298
24, 2316.27022195
24, 2376.74496412
24, 2437.31009507
25, 2497.94829106
25, 2558.59734392
25, 2619.31728601
25, 2679.85527396
26, 2740.48474097
26, 2801.02631092
27, 2861.60101104
27, 2922.17988491
27, 2982.72775412
26, 3043.3298161
26, 3103.8571341
26, 3164.4210031
26, 3224.99648809
26, 3285.58032799
26, 3346.16362309
26, 3406.71540809
26, 3467.25819397
27, 3527.85408592
27, 3588.42675114
27, 3649.00798011
27, 3709.59073305
27, 3770.1553371
28, 3830.760566
28, 3891.37214708
28, 3951.95176101
28, 4012.53038502
28, 4073.17517495
28, 4133.84364605
29, 4194.42567801
29, 4254.99968791
29, 4315.59623814
29, 4376.12358594
29, 4436.6963501
30, 4497.28098011
31, 4557.85671401
31, 4618.43532205
31, 4679.12979412
31, 4739.70193315
31, 4800.30628204
32, 4860.91039205
33, 4921.560215
33, 4982.13287902
33, 5042.70885491
35, 5103.30331302
36, 5163.95166993
36, 5224.59710312
36, 5285.1379261
36, 5345.77537203
37, 5406.27269006
41, 5466.83962512
41, 5527.41736603
41, 5588.03723311
42, 5648.69722915
43, 5709.71743703
44, 5770.42129898
45, 5830.98030305
46, 5891.57063699
46, 5952.21503401
46, 6012.76999998
46, 6073.33555198
47, 6133.91674495
48, 6194.44129705
50, 6254.98868203
51, 6315.58446407
51, 6376.14681411
51, 6436.70994592
51, 6497.29417396
51, 6557.87670898
52, 6618.48554707
52, 6679.05314708
53, 6739.6251061
53, 6800.16834903
53, 6860.75587702
55, 6921.33838296
56, 6981.96086693
58, 7042.55453491
60, 7103.16093993
60, 7163.9346261
63, 7224.49469995
64, 7285.10059094
96, 8791.86140203
98, 8852.35692596
98, 8912.96854997
98, 8973.51352692
99, 9034.12144709
100, 9094.66735291
100, 9155.45697594
101, 9217.0545001
101, 9277.73397994
101, 9338.35862494
101, 9398.87730193
101, 9459.58475208
102, 9520.12530804
102, 9580.76361513
102, 9641.53900313
102, 9702.28979707
102, 9762.89910913
102, 9823.48492312
103, 9884.0877111
103, 9944.88161993
103, 10005.436079
106, 10066.236171
107, 10127.6713979
107, 10188.315855
108, 10248.8958261
108, 10309.7719309
107, 10370.8676651
107, 10431.7937231
109, 10492.4483969
109, 10553.0649459
109, 10613.8159389
109, 10674.5887489
109, 10735.2498879
109, 10795.911907
109, 10856.4368711
109, 10916.9933341
109, 10977.6168721
109, 11038.9541841
109, 11099.6397331
109, 11160.524097
109, 11221.08585
109, 11281.6305301
109, 11342.263876
110, 11402.8302729
111, 11463.623127
111, 11524.1379471
111, 11584.7612021
111, 11645.3245161
111, 11705.908299
111, 11766.5441079
111, 11827.163836
111, 11888.1651499
111, 11948.75334
112, 12009.632426
113, 12070.26056
113, 12130.837234
114, 12192.0211589
114, 12252.6163611
116, 12313.5465009
116, 12374.09709
116, 12434.657511
117, 12495.218066
118, 12555.8648381
119, 12616.4287369
119, 12677.0252171
119, 12737.5953631
119, 12798.11449
119, 12858.650456
119, 12919.2224979
119, 12979.8542171
119, 13040.4204121
119, 13101.032047
119, 13161.6392901
119, 13222.324656
119, 13282.913686
120, 13343.5077679
120, 13404.09675
120, 13464.6825781
120, 13525.239511
121, 13585.817194
121, 13646.409832
122, 13707.0137351
122, 13767.53671
122, 13828.102809
122, 13888.694258
122, 13949.251899
122, 14009.8547971
123, 14070.4235671
123, 14130.9155359
123, 14191.468894
124, 14252.09161
124, 14312.640909
125, 14373.2654049
125, 14433.8709681
125, 14494.495424
127, 14555.087796
127, 14615.6612701
128, 14676.233887
129, 14736.8227811
129, 14797.3135381
129, 14857.875319
131, 14918.453105
132, 14979.083818
132, 15039.7067201
132, 15100.285465
132, 15160.843374
132, 15221.4517791
133, 15282.0939891
133, 15342.7479031
133, 15403.292666
133, 15463.98525
133, 15524.573215
133, 15585.264334
134, 15645.8261371
134, 15706.5057859
134, 15767.7584291
134, 15828.3176479
135, 15888.9147689
135, 15949.4497561
135, 16010.005558
135, 16070.6311619
135, 16131.271064
136, 16191.8265471
136, 16252.379065
139, 16312.9578311
140, 16373.539959
140, 16434.053705
141, 16494.62376
141, 16555.2221971
142, 16615.7887831
142, 16676.3597519
143, 16736.9856281
143, 16797.5908101
143, 16858.1187561
143, 16918.7901831
143, 16979.386807
144, 17039.9798331
145, 17100.5287101
146, 17161.0919859
146, 17221.6386261
146, 17282.2504511
148, 17342.8961689
148, 17403.5395701
148, 17464.1494451
149, 17524.695508
149, 17585.340492
149, 17645.932375
149, 17706.534313
150, 17767.1361291
150, 17827.6349571
150, 17888.332293
153, 17948.899307
155, 18009.4901321
156, 18070.1109471
157, 18130.6613431
159, 18191.3149559
160, 18251.8887069
160, 18312.4630551
162, 18372.995399
162, 18433.6138849
163, 18494.2701871
164, 18554.834898
164, 18615.4499831
165, 18676.0976841
165, 18736.70327
166, 18797.3130901
167, 18857.940654
167, 18918.4729121
168, 18979.0758309
169, 19039.661088
170, 19100.217597
171, 19161.026603
171, 19221.8344171
